Some((
    red: 0.7921569,
    green: 0.7294118,
    blue: 0.7058824,
))