Some((
    red: 0.5254902,
    green: 0.015686275,
    blue: 0.22745098,
))